R1: 0 0
R2: 0 0
R3: 0.2012328705800428 0
R4: -0.14082512096968003 0
R5: 0 0
R6: -0.022379553746645797 0
R7: -0.6376605182100548 0
R8: 0 0
R9: 0 0



i0: 0.0 0
i1: -0.590790782290469 0
i2: -0.4116450264188529 0
i3: -0.4556156916918326 0
i4: -1.2548812891814123 0
i5: -1.185027231989352 0
i6: -0.63551312936832 0



CH3CHOHCH3(g): 0 0
H2(g): 0 0
CH3COCH3(g): 0 0
