R1: 0 0
R2: 0 0
R3: -307.2734301555238 0.008499589657184515
R4: -307.5970284920816 0.008550508408066704
R5: 0 0
R6: -307.2734301555238 0.008499589657184515
R7: -306.93232287188295 0.008263862684157524
R8: 0 0
R9: 0 0



i0: -246.91720533676758 0.006903680714148645
i1: -253.83579489857158 0.006848503576165825
i2: -308.13294080448566 0.008673697630635848
i3: -307.3555664825043 0.008439788445688802
i4: -308.5193057198669 0.008342459038667198
i5: -307.6634622063949 0.008150651182837308
i6: -301.3052506471954 0.008150651182837308



CH3CHOHCH3(g): -6.358211559199545 0.0014538508968590558
H2(g): -60.53416372334373 0.0034679984237213123
CH3COCH3(g): -53.5618405968339 0.0034534485969074835
