R1: 0 0
R2: 0 0
R3: -307.2755514755238 0.008499589657184515
R4: -307.5977696920816 0.008550508408066704
R5: 0 0
R6: -307.2755514755238 0.008499589657184515
R7: -306.932347991883 0.008263862684157524
R8: 0 0
R9: 0 0



i0: -246.92059333676758 0.006903680714148645
i1: -253.83743784857157 0.006848503576165825
i2: -308.13596233448567 0.008673697630635848
i3: -307.35616603250435 0.008439788445688802
i4: -308.51857733986697 0.008342459038667198
i5: -307.664691626395 0.008150651182837308
i6: -301.3064699671954 0.008150651182837308



CH3CHOHCH3(g): -6.358221659199546 0.0014539120136254566
H2(g): -60.53919692334373 0.003467961352061196
CH3COCH3(g): -53.5671745968339 0.003453414450265329
