R1: 0 0
R2: 0 0
R3: 0.96047230751401 0
R4: 0.6155899330874774 0
R5: 0 0
R6: 0.8627995069525696 0
R7: -0.02435545458422439 0
R8: 0 0
R9: 0 0



i0: 0.0 0
i1: -0.46691824296806317 0
i2: 0.028184525649550096 0
i3: 0.3660189280111581 0
i4: -0.7570366172163858 0
i5: -0.3583313789351905 0
i6: 0.09610314400157449 0



CH3CHOHCH3(g): 0 0
H2(g): 0 0
CH3COCH3(g): 0 0
