R1: 0 0
R2: 0 0
R3: 0.9655055075140808 0
R4: 0.620623133087463 0
R5: 0 0
R6: 0.8678327069526404 0
R7: -0.01932225458403991 0
R8: 0 0
R9: 0 0



i0: 0.0 0
i1: -0.4669081429680091 0
i2: 0.03321772564953562 0
i3: 0.3710521280112289 0
i4: -0.752003417216315 0
i5: -0.35329817893500604 0
i6: 0.10143714400157933 0



CH3CHOHCH3(g): 0 0
H2(g): 0 0
CH3COCH3(g): 0 0
