R1: 0 0
R2: 0 0
R3: 0.9667566915600219 0
R4: 0.6232544371335393 0
R5: 0 0
R6: 0.8729352409986859 0
R7: -0.016139930538201952 0
R8: 0 0
R9: 0 0



i0: 0.0 0
i1: -0.4633823961598864 0
i2: 0.03356869969559284 0
i3: 0.37558023205724567 0
i4: -0.7461473831704097 0
i5: -0.3476447948891064 0
i6: 0.1035915507051186 0



CH3CHOHCH3(g): 0 0
H2(g): 0 0
CH3COCH3(g): 0 0
