R1: 0 0
R2: 0 0
R3: 0.9604568115601069 0
R4: 0.6155744371335459 0
R5: 0 0
R6: 0.8627840109986664 0
R7: -0.024370950538127545 0
R8: 0 0
R9: 0 0



i0: 0.0 0
i1: -0.466892696159789 0
i2: 0.02816902969561852 0
i3: 0.36600343205725494 0
i4: -0.7570521131704027 0
i5: -0.35834687488920736 0
i6: 0.09608887070515948 0



CH3CHOHCH3(g): 0 0
H2(g): 0 0
CH3COCH3(g): 0 0
